26 22
a
-7.202044276193071 1.2750562288867289 -1.0390835856844565 1.0227305397533735 4.147741979253656 -1.295621097913355 -1.2734751629331131 1.4596233324610812 1.5093015825505502 -0.950626693134072 4.154679136781848 -5.026918864432173 1.406426655483077 -0.9849359158054038 0.7808891041215147 -0.5788018853068908 0.06359049443974729 2.323667050274227 -0.6881250364225898 0.28867643431722534 5.334691940491647 -2.018041327659821 
0.0 1.0 0.0 1.0 0.08333333333333333 1.0 0.08333333333333333 1.0 0.08333333333333333 1.0 0.08333333333333333 1.0 0.08333333333333333 1.0 0.08333333333333333 1.0 0.08333333333333333 1.0 0.0 0.8888888888888888 0.1111111111111111 1.0 0.1111111111111111 0.8888888888888888 0.0 0.7777777777777778 0.1111111111111111 0.8888888888888888 0.1111111111111111 1.0 0.1111111111111111 1.0 0.1111111111111111 1.0 0.1111111111111111 1.0 0.1111111111111111 1.0 0.1111111111111111 1.0 0.1111111111111111 1.0 
b
-13.77101385836564 -0.08486780212087434 -3.763748729916377 0.3873197459668455 0.01896290622840951 1.3672035236269926 2.5907349768322 2.496109659715817 2.084597274000073 4.401411287816999 -0.37515109901626414 3.7767393294948604 -0.946735636028713 -1.6876684918279632 0.11272381365983287 6.81357330922043 4.778519648914605 -5.271048540554412 0.44247717045157714 1.369200813143773 -5.294635766482742 5.102333786610819 
0.0 1.0 0.0 1.0 0.08333333333333333 1.0 0.08333333333333333 1.0 0.08333333333333333 1.0 0.08333333333333333 1.0 0.08333333333333333 1.0 0.08333333333333333 1.0 0.08333333333333333 1.0 0.0 0.8888888888888888 0.1111111111111111 1.0 0.1111111111111111 0.8888888888888888 0.0 0.7777777777777778 0.1111111111111111 0.8888888888888888 0.1111111111111111 1.0 0.1111111111111111 1.0 0.1111111111111111 1.0 0.1111111111111111 1.0 0.1111111111111111 1.0 0.1111111111111111 1.0 0.1111111111111111 1.0 
c
-15.72368745702977 2.086959856645137 3.51818617539233 0.29976047181794097 -1.7852962722132313 -2.572955384998213 -1.9495177769246828 1.7577422924706128 -2.004816379947099 -0.08624563476517251 1.673047900551398 6.618632140436152 3.1731424677326725 -2.265646357142165 -0.7383038276327997 -1.120983749547136 -8.378436140579746 -3.132592354165831 -1.9576550045484649 -1.5009650130654488 5.065083582005491 -1.6567043661454361 
0.0 1.0 0.0 1.0 0.08333333333333333 1.0 0.08333333333333333 1.0 0.08333333333333333 1.0 0.08333333333333333 1.0 0.08333333333333333 1.0 0.08333333333333333 1.0 0.08333333333333333 1.0 0.0 0.8888888888888888 0.1111111111111111 1.0 0.1111111111111111 0.8888888888888888 0.0 0.7777777777777778 0.1111111111111111 0.8888888888888888 0.1111111111111111 1.0 0.1111111111111111 1.0 0.1111111111111111 1.0 0.1111111111111111 1.0 0.1111111111111111 1.0 0.1111111111111111 1.0 0.1111111111111111 1.0 
d
-10.211167429273818 0.9662198312806188 -1.3062747254010665 -1.035070217979787 7.734724791998925 -1.279457401177609 -0.02349931195790132 -3.886262431273767 1.1553759285605416 3.1467767932933715 -0.6470610338414015 3.9248796307548086 -0.26598461670850526 -0.8460031843700138 1.0479350972313788 -0.9539257563802146 -2.7154302498921163 1.7684891289402376 1.4709161462730573 1.0566026695324566 -0.30805661638313825 1.3890667066261424 
0.0 1.0 0.0 1.0 0.08333333333333333 1.0 0.08333333333333333 1.0 0.08333333333333333 1.0 0.08333333333333333 1.0 0.08333333333333333 1.0 0.08333333333333333 1.0 0.08333333333333333 1.0 0.0 0.8888888888888888 0.1111111111111111 1.0 0.1111111111111111 0.8888888888888888 0.0 0.7777777777777778 0.1111111111111111 0.8888888888888888 0.1111111111111111 1.0 0.1111111111111111 1.0 0.1111111111111111 1.0 0.1111111111111111 1.0 0.1111111111111111 1.0 0.1111111111111111 1.0 0.1111111111111111 1.0 
e
-15.71367614612043 0.4646530987423552 2.437086633105808 2.269535230196618 1.5430114453131099 1.0456377628630937 1.4236115642566796 5.040457563351107 -4.7740117428144995 -2.6742417308624953 -1.8189147577670899 2.6351959532219484 -1.5991725242614792 -2.3809282214307603 -0.46074166618519863 1.5297972846653016 5.0393079739337825 -0.661398839720041 -0.020858546987631565 -2.68344513500075 -1.2170487922430997 6.834042658449935 
0.0 1.0 0.0 1.0 0.08333333333333333 1.0 0.08333333333333333 1.0 0.08333333333333333 1.0 0.08333333333333333 1.0 0.08333333333333333 1.0 0.08333333333333333 1.0 0.08333333333333333 1.0 0.0 0.8888888888888888 0.1111111111111111 1.0 0.1111111111111111 0.8888888888888888 0.0 0.7777777777777778 0.1111111111111111 0.8888888888888888 0.1111111111111111 1.0 0.1111111111111111 1.0 0.1111111111111111 1.0 0.1111111111111111 1.0 0.1111111111111111 1.0 0.1111111111111111 1.0 0.1111111111111111 1.0 
f
-8.890772782596235 2.453190916590727 0.8768111192092415 0.7202024512739276 3.422885240726148 -2.006630004807081 -1.5135000615203764 0.7723640086875712 -2.9545143726308134 -2.42007748708977 2.8634212578519023 0.28934097810883014 -1.6411798953313703 -3.0892770878513223 -0.650493410249636 3.378098011951048 -1.2049552399267058 -0.7647083091196619 0.3521331837203222 0.8041634904600355 2.1013466459162182 -5.809695126528308 
0.0 1.0 0.0 1.0 0.08333333333333333 1.0 0.08333333333333333 1.0 0.08333333333333333 1.0 0.08333333333333333 1.0 0.08333333333333333 1.0 0.08333333333333333 1.0 0.08333333333333333 1.0 0.0 0.8888888888888888 0.1111111111111111 1.0 0.1111111111111111 0.8888888888888888 0.0 0.7777777777777778 0.1111111111111111 0.8888888888888888 0.1111111111111111 1.0 0.1111111111111111 1.0 0.1111111111111111 1.0 0.1111111111111111 1.0 0.1111111111111111 1.0 0.1111111111111111 1.0 0.1111111111111111 1.0 
g
-12.228595379535163 0.7663364459721066 0.030400438485535714 1.6315482434681539 3.0737410967377263 -1.2200871333629737 -3.0347151898377227 4.522887087369208 -0.8741774927690421 0.40713405357287175 -0.8890027047152415 2.827353491232714 2.521675130806997 -6.175333602221287 -3.8256518785799574 -11.263854222556331 2.0521862777460806 9.337163124369065 2.2218277890393936 3.4116799002768246 -0.8405146821212182 4.021718729396385 
0.0 1.0 0.0 1.0 0.08333333333333333 1.0 0.08333333333333333 1.0 0.08333333333333333 1.0 0.08333333333333333 1.0 0.08333333333333333 1.0 0.08333333333333333 1.0 0.08333333333333333 1.0 0.0 0.8888888888888888 0.1111111111111111 1.0 0.1111111111111111 0.8888888888888888 0.0 0.7777777777777778 0.1111111111111111 0.8888888888888888 0.1111111111111111 1.0 0.1111111111111111 1.0 0.1111111111111111 1.0 0.1111111111111111 1.0 0.1111111111111111 1.0 0.1111111111111111 1.0 0.1111111111111111 1.0 
h
-15.165299195975148 2.742485040311354 0.2646570815205243 -0.03403451814677906 2.241675697810797 -5.398820848213991 -5.641550230609464 0.24445147208630463 1.98951651091571 2.100212607448546 -0.617312304987713 -6.375305591616279 2.7792048567418832 -1.7190324143057143 -1.192795197886759 7.2282630738107745 3.756941354864189 -4.091714640525021 -0.9675736106561521 -2.508016733008556 1.5596922349535014 -3.3350457875360537 
0.0 1.0 0.0 1.0 0.08333333333333333 1.0 0.08333333333333333 1.0 0.08333333333333333 1.0 0.08333333333333333 1.0 0.08333333333333333 1.0 0.08333333333333333 1.0 0.08333333333333333 1.0 0.0 0.8888888888888888 0.1111111111111111 1.0 0.1111111111111111 0.8888888888888888 0.0 0.7777777777777778 0.1111111111111111 0.8888888888888888 0.1111111111111111 1.0 0.1111111111111111 1.0 0.1111111111111111 1.0 0.1111111111111111 1.0 0.1111111111111111 1.0 0.1111111111111111 1.0 0.1111111111111111 1.0 
i
-8.074634094905866 2.896780324275366 -1.1878204935706225 -2.5172451091886368 -0.9967607793088259 4.3202618317365005 5.050848252544944 -1.0590556272477627 -1.0203612132898199 0.9912772049900035 -0.9009559009960065 -1.6450217613590765 1.617642721517633 -1.6063376986201006 2.0620315171198755 0.843960607979685 -0.21462602403964398 1.840895080639033 -1.6880455000091492 -0.37441406752199813 -0.5857757637802854 8.011921349227817 
0.0 1.0 0.0 1.0 0.08333333333333333 1.0 0.08333333333333333 1.0 0.08333333333333333 1.0 0.08333333333333333 1.0 0.08333333333333333 1.0 0.08333333333333333 1.0 0.08333333333333333 1.0 0.0 0.8888888888888888 0.1111111111111111 1.0 0.1111111111111111 0.8888888888888888 0.0 0.7777777777777778 0.1111111111111111 0.8888888888888888 0.1111111111111111 1.0 0.1111111111111111 1.0 0.1111111111111111 1.0 0.1111111111111111 1.0 0.1111111111111111 1.0 0.1111111111111111 1.0 0.1111111111111111 1.0 
j
-5.669450613119029 2.8064524927062737 -2.9607426351322963 -3.6039377721348806 -0.9265418001884715 -1.3766049010069363 -0.8008690862013782 0.7326037337243967 1.127994865171135 2.816540966971146 0.8799941532751601 -3.122053278478481 -0.3463676153929266 -2.1213616187749387 -0.48904473725213776 -1.3250872298597722 -1.353266493797497 0.28529206419449793 -0.3379601044858207 0.6203828609723776 1.7983630683395955 0.700345076624296 
0.0 1.0 0.0 1.0 0.08333333333333333 1.0 0.08333333333333333 1.0 0.08333333333333333 1.0 0.08333333333333333 1.0 0.08333333333333333 1.0 0.08333333333333333 1.0 0.08333333333333333 1.0 0.0 0.8888888888888888 0.1111111111111111 1.0 0.1111111111111111 0.8888888888888888 0.0 0.7777777777777778 0.1111111111111111 0.8888888888888888 0.1111111111111111 1.0 0.1111111111111111 1.0 0.1111111111111111 1.0 0.1111111111111111 1.0 0.1111111111111111 1.0 0.1111111111111111 1.0 0.1111111111111111 1.0 
k
-9.69307877071538 0.22223870785415506 1.4341910787424763 5.127831430602934 -1.0945801396203043 -3.4118301571358765 6.482758102215796 3.4559849699410266 -5.6312021706581215 -3.4944021787267263 -0.8217493224368285 -0.7784498712792167 0.8872289896452487 -1.0307094744995366 3.613386055947661 -1.4039331979445682 -1.888723416740913 5.1017508905798135 -0.8403693539979069 0.8758295548024077 1.871629912172574 -3.1182577797951465 
0.0 1.0 0.0 1.0 0.08333333333333333 1.0 0.08333333333333333 1.0 0.08333333333333333 1.0 0.08333333333333333 1.0 0.08333333333333333 1.0 0.08333333333333333 1.0 0.08333333333333333 1.0 0.0 0.8888888888888888 0.1111111111111111 1.0 0.1111111111111111 0.8888888888888888 0.0 0.7777777777777778 0.1111111111111111 0.8888888888888888 0.1111111111111111 1.0 0.1111111111111111 1.0 0.1111111111111111 1.0 0.1111111111111111 1.0 0.1111111111111111 1.0 0.1111111111111111 1.0 0.1111111111111111 1.0 
l
-7.099997089685713 2.481906346699743 0.3099047285910326 0.2207926388025157 1.9933561721904762 -0.3859287136112573 -1.728473851468782 -1.0271226266453903 -3.8503398668210886 -1.8451427552860118 0.9475724092430788 -5.496820343411714 -0.26254304509346177 -0.674263524111331 0.13882197767470936 -1.2960043191938673 -1.9716716594023367 -0.07591650104410479 1.3536448283661495 0.4144254959678711 -0.8219575294241196 0.9512503480982656 
0.0 1.0 0.0 1.0 0.08333333333333333 1.0 0.08333333333333333 1.0 0.08333333333333333 1.0 0.08333333333333333 1.0 0.08333333333333333 1.0 0.08333333333333333 1.0 0.08333333333333333 1.0 0.0 0.8888888888888888 0.1111111111111111 1.0 0.1111111111111111 0.8888888888888888 0.0 0.7777777777777778 0.1111111111111111 0.8888888888888888 0.1111111111111111 1.0 0.1111111111111111 1.0 0.1111111111111111 1.0 0.1111111111111111 1.0 0.1111111111111111 1.0 0.1111111111111111 1.0 0.1111111111111111 1.0 
m
-16.955214646994392 -1.0893441966057933 3.702966643533371 -4.499100978141405 -3.858387744109838 7.65766318441701 -0.3009719098813498 4.685614259863053 0.35418420830741176 3.4785074728970353 1.6036315461162542 -3.3184191296626864 3.3725422496631765 3.460001657044208 2.9048458682054155 4.08324794929492 4.8562010228424315 8.938970937567564 -3.9752335638005922 -1.532651850978265 -5.731404754785659 -3.4263540226412883 
0.0 1.0 0.0 1.0 0.08333333333333333 1.0 0.08333333333333333 1.0 0.08333333333333333 1.0 0.08333333333333333 1.0 0.08333333333333333 1.0 0.08333333333333333 1.0 0.08333333333333333 1.0 0.0 0.8888888888888888 0.1111111111111111 1.0 0.1111111111111111 0.8888888888888888 0.0 0.7777777777777778 0.1111111111111111 0.8888888888888888 0.1111111111111111 1.0 0.1111111111111111 1.0 0.1111111111111111 1.0 0.1111111111111111 1.0 0.1111111111111111 1.0 0.1111111111111111 1.0 0.1111111111111111 1.0 
n
-23.099498138711997 -4.286258129604656 13.827414255825149 -6.961059207876177 -2.1310396169214916 -1.3227998275436301 11.632908089630074 -6.785319055523524 10.745767720234314 -1.0567169983799294 -1.0696348679110228 -3.055692978604811 2.981655678735312 17.363827054803632 -3.587198104829248 -4.7137737461319835 -1.022019342606558 -4.53491832591683 10.184078733572393 -2.965845342558729 7.939892039177438 -1.221331547010569 
0.0 1.0 0.0 1.0 0.08333333333333333 1.0 0.08333333333333333 1.0 0.08333333333333333 1.0 0.08333333333333333 1.0 0.08333333333333333 1.0 0.08333333333333333 1.0 0.08333333333333333 1.0 0.0 0.8888888888888888 0.1111111111111111 1.0 0.1111111111111111 0.8888888888888888 0.0 0.7777777777777778 0.1111111111111111 0.8888888888888888 0.1111111111111111 1.0 0.1111111111111111 1.0 0.1111111111111111 1.0 0.1111111111111111 1.0 0.1111111111111111 1.0 0.1111111111111111 1.0 0.1111111111111111 1.0 
o
-21.004339394995544 1.5754824814974568 -0.7483679017809766 2.8400954647548926 -9.126103766441437 10.048006915336627 -7.01343250146677 -2.0277310092296625 2.9678970931419713 8.195527233283679 -3.18992610442933 12.822045603919157 -2.3559342490225537 -3.11271524998398 14.013057343970477 -0.5073292832715912 -11.112101396192982 2.955239941060529 -1.8624281223471366 -5.067414463267321 3.3298363011672385 -0.7638356047597764 
0.0 1.0 0.0 1.0 0.08333333333333333 1.0 0.08333333333333333 1.0 0.08333333333333333 1.0 0.08333333333333333 1.0 0.08333333333333333 1.0 0.08333333333333333 1.0 0.08333333333333333 1.0 0.0 0.8888888888888888 0.1111111111111111 1.0 0.1111111111111111 0.8888888888888888 0.0 0.7777777777777778 0.1111111111111111 0.8888888888888888 0.1111111111111111 1.0 0.1111111111111111 1.0 0.1111111111111111 1.0 0.1111111111111111 1.0 0.1111111111111111 1.0 0.1111111111111111 1.0 0.1111111111111111 1.0 
p
-16.186701755205917 0.8414415271555724 -0.24757067058180304 3.4055343976464267 -1.1089064726902893 -1.7115474871223455 -1.4290385003829482 -0.6240174939407569 -0.7086662856983458 0.770184245347058 1.4552288899541543 3.706025692289063 2.2856446228885248 2.129069432807171 3.531614623415553 -1.5458465900993457 2.8838629606533055 -2.134396980705885 -4.268947483927149 -4.4046668930313375 -1.9528239391873525 -5.78122159976526 
0.0 1.0 0.0 1.0 0.08333333333333333 1.0 0.08333333333333333 1.0 0.08333333333333333 1.0 0.08333333333333333 1.0 0.08333333333333333 1.0 0.08333333333333333 1.0 0.08333333333333333 1.0 0.0 0.8888888888888888 0.1111111111111111 1.0 0.1111111111111111 0.8888888888888888 0.0 0.7777777777777778 0.1111111111111111 0.8888888888888888 0.1111111111111111 1.0 0.1111111111111111 1.0 0.1111111111111111 1.0 0.1111111111111111 1.0 0.1111111111111111 1.0 0.1111111111111111 1.0 0.1111111111111111 1.0 
q
-17.874667186553964 -2.0513628819540766 -0.36207959550511176 6.348351393289814 -0.44566076155051715 -1.3050114369285901 -2.5402390659091894 8.079435138898505 1.7800803487178916 1.2189659449621006 0.3000620928877527 3.9034334551200423 -3.3359671933991684 -3.1675766112642036 -0.17725039354659453 1.9497883014986683 -2.1953079187334628 -8.52958362502815 10.385786511891537 1.8530405905540295 2.5696478629444113 5.58188928650646 
0.0 1.0 0.0 1.0 0.08333333333333333 1.0 0.08333333333333333 1.0 0.08333333333333333 1.0 0.08333333333333333 1.0 0.08333333333333333 1.0 0.08333333333333333 1.0 0.08333333333333333 1.0 0.0 0.8888888888888888 0.1111111111111111 1.0 0.1111111111111111 0.8888888888888888 0.0 0.7777777777777778 0.1111111111111111 0.8888888888888888 0.1111111111111111 1.0 0.1111111111111111 1.0 0.1111111111111111 1.0 0.1111111111111111 1.0 0.1111111111111111 1.0 0.1111111111111111 1.0 0.1111111111111111 1.0 
r
-13.29766929705858 0.22459575828117315 0.32322805574824204 -1.320327878244326 -2.989093721458149 -1.8297166710544988 0.7760224971690253 4.434033538923776 4.062374297233796 0.8598803365520999 -0.6152776037832767 4.922318877078184 -0.8106742882078414 -3.300861483380694 -0.6893229576608543 -4.511894553263487 6.664865859320509 2.4094579202732698 0.4444596940636794 0.5797074374549498 1.2039497867966586 -3.9089055842754155 
0.0 1.0 0.0 1.0 0.08333333333333333 1.0 0.08333333333333333 1.0 0.08333333333333333 1.0 0.08333333333333333 1.0 0.08333333333333333 1.0 0.08333333333333333 1.0 0.08333333333333333 1.0 0.0 0.8888888888888888 0.1111111111111111 1.0 0.1111111111111111 0.8888888888888888 0.0 0.7777777777777778 0.1111111111111111 0.8888888888888888 0.1111111111111111 1.0 0.1111111111111111 1.0 0.1111111111111111 1.0 0.1111111111111111 1.0 0.1111111111111111 1.0 0.1111111111111111 1.0 0.1111111111111111 1.0 
s
-10.628248122409525 0.4196663024435604 -2.062945757747707 -0.9858249422176626 1.4695906933229994 0.878267103952604 0.6759454645823294 0.8441522041812282 0.5603488596208882 1.5596487347516474 -0.689671072867352 0.6002268522603564 2.77357997486394 -2.564864876821761 -1.334171456973201 -2.753671949568088 8.094597243098946 -2.454436144617016 -1.8410761909203555 -4.577211588065944 3.5850360219655517 2.7769260917367196 
0.0 1.0 0.0 1.0 0.08333333333333333 1.0 0.08333333333333333 1.0 0.08333333333333333 1.0 0.08333333333333333 1.0 0.08333333333333333 1.0 0.08333333333333333 1.0 0.08333333333333333 1.0 0.0 0.8888888888888888 0.1111111111111111 1.0 0.1111111111111111 0.8888888888888888 0.0 0.7777777777777778 0.1111111111111111 0.8888888888888888 0.1111111111111111 1.0 0.1111111111111111 1.0 0.1111111111111111 1.0 0.1111111111111111 1.0 0.1111111111111111 1.0 0.1111111111111111 1.0 0.1111111111111111 1.0 
t
-6.256585870276796 2.264574199793459 -2.3188645470686535 -2.690674601982301 0.7001494396626378 2.824216565985853 1.155129752722784 -0.6926575200494299 -2.811030049730396 0.6170972807848626 1.2783748456843211 1.7989779146737057 0.0697647283968816 -2.902610360485642 -1.8675983939632799 -0.47192064451577437 -0.6559918398466063 1.7134431554109284 1.9001555619423112 1.1629552647048282 1.4474434217373535 -6.940563702810752 
0.0 1.0 0.0 1.0 0.08333333333333333 1.0 0.08333333333333333 1.0 0.08333333333333333 1.0 0.08333333333333333 1.0 0.08333333333333333 1.0 0.08333333333333333 1.0 0.08333333333333333 1.0 0.0 0.8888888888888888 0.1111111111111111 1.0 0.1111111111111111 0.8888888888888888 0.0 0.7777777777777778 0.1111111111111111 0.8888888888888888 0.1111111111111111 1.0 0.1111111111111111 1.0 0.1111111111111111 1.0 0.1111111111111111 1.0 0.1111111111111111 1.0 0.1111111111111111 1.0 0.1111111111111111 1.0 
u
-19.667044864497164 -0.746845828902307 2.464613931765739 5.558137807544494 -1.048466235614524 -5.415295062280731 -2.7063823387585453 -1.671585745068143 1.9158119391925925 2.8714710095666547 0.37580977283936884 -6.981226134889128 2.9976397028004387 2.303687085670037 3.085118840087793 -2.716281256543472 -6.753492655677441 1.6009493727287163 3.4831323800963636 -1.891821317714277 4.130686196031632 -1.6084297036393638 
0.0 1.0 0.0 1.0 0.08333333333333333 1.0 0.08333333333333333 1.0 0.08333333333333333 1.0 0.08333333333333333 1.0 0.08333333333333333 1.0 0.08333333333333333 1.0 0.08333333333333333 1.0 0.0 0.8888888888888888 0.1111111111111111 1.0 0.1111111111111111 0.8888888888888888 0.0 0.7777777777777778 0.1111111111111111 0.8888888888888888 0.1111111111111111 1.0 0.1111111111111111 1.0 0.1111111111111111 1.0 0.1111111111111111 1.0 0.1111111111111111 1.0 0.1111111111111111 1.0 0.1111111111111111 1.0 
v
-12.033383500747695 1.163559376472927 -1.9914511885432327 4.462207766343764 -0.659876993511869 -3.7358134460907673 -4.401161270385527 5.492386619612683 0.7246916914679014 -3.3982531646071714 -0.9966405915563871 -8.671079533932286 6.061804719219922 -5.059553719221117 5.163327712649772 -1.838447623725329 -0.2756563227781887 -10.322819434939412 9.30565215866444 4.055723136921119 0.8775373898238301 -3.8635849914476914 
0.0 1.0 0.0 1.0 0.08333333333333333 1.0 0.08333333333333333 1.0 0.08333333333333333 1.0 0.08333333333333333 1.0 0.08333333333333333 1.0 0.08333333333333333 1.0 0.08333333333333333 1.0 0.0 0.8888888888888888 0.1111111111111111 1.0 0.1111111111111111 0.8888888888888888 0.0 0.7777777777777778 0.1111111111111111 0.8888888888888888 0.1111111111111111 1.0 0.1111111111111111 1.0 0.1111111111111111 1.0 0.1111111111111111 1.0 0.1111111111111111 1.0 0.1111111111111111 1.0 0.1111111111111111 1.0 
w
-7.082246731385455 0.3765476521387562 -3.15140769865394 0.3199792414184407 1.7001994124627113 2.3890051854930876 2.815557539554841 1.6659813335032279 1.874771652429124 -2.254833223542572 -0.9801009215523007 -2.54207553984813 -3.173751154395056 -6.246699694084045 -3.19814244213834 3.719276306766828 1.7398807979757414 4.693924590472277 5.188298251715613 4.5433465347894355 0.26748208048769406 0.1805443451773881 
0.0 1.0 0.0 1.0 0.08333333333333333 1.0 0.08333333333333333 1.0 0.08333333333333333 1.0 0.08333333333333333 1.0 0.08333333333333333 1.0 0.08333333333333333 1.0 0.08333333333333333 1.0 0.0 0.8888888888888888 0.1111111111111111 1.0 0.1111111111111111 0.8888888888888888 0.0 0.7777777777777778 0.1111111111111111 0.8888888888888888 0.1111111111111111 1.0 0.1111111111111111 1.0 0.1111111111111111 1.0 0.1111111111111111 1.0 0.1111111111111111 1.0 0.1111111111111111 1.0 0.1111111111111111 1.0 
x
-8.709113763554962 2.440975495819926 -4.867682728946436 -2.00207071714403 2.14241864812698 2.4507764862796666 2.0691744942331236 2.514695555254757 1.2036167758995837 -1.4998796007836743 -3.496113517966473 -1.8599054939467266 0.8695817109371039 2.8168306261745037 1.4125994936856934 -4.8724818324345485 -5.939670142633878 0.9804105491024288 6.434579011619502 4.828992870891656 1.6505645864995035 1.45290533390879 
0.0 1.0 0.0 1.0 0.08333333333333333 1.0 0.08333333333333333 1.0 0.08333333333333333 1.0 0.08333333333333333 1.0 0.08333333333333333 1.0 0.08333333333333333 1.0 0.08333333333333333 1.0 0.0 0.8888888888888888 0.1111111111111111 1.0 0.1111111111111111 0.8888888888888888 0.0 0.7777777777777778 0.1111111111111111 0.8888888888888888 0.1111111111111111 1.0 0.1111111111111111 1.0 0.1111111111111111 1.0 0.1111111111111111 1.0 0.1111111111111111 1.0 0.1111111111111111 1.0 0.1111111111111111 1.0 
y
-7.605930772626128 2.1489489939838053 -2.3916725255027247 -1.918988783773045 0.410447871276678 -0.1465517655623938 1.485775135358869 0.6563043454129242 -1.687744991129821 1.2406343685719445 1.8914009656155533 -3.7482242748029986 1.7038613013583808 4.538155873939823 5.85401951786077 2.2043544528520798 -1.4128872283779639 -1.3224568021829646 -2.0072778966537466 -4.017743840434061 -0.4928596763778153 -3.8890760488737657 
0.0 1.0 0.0 1.0 0.08333333333333333 1.0 0.08333333333333333 1.0 0.08333333333333333 1.0 0.08333333333333333 1.0 0.08333333333333333 1.0 0.08333333333333333 1.0 0.08333333333333333 1.0 0.0 0.8888888888888888 0.1111111111111111 1.0 0.1111111111111111 0.8888888888888888 0.0 0.7777777777777778 0.1111111111111111 0.8888888888888888 0.1111111111111111 1.0 0.1111111111111111 1.0 0.1111111111111111 1.0 0.1111111111111111 1.0 0.1111111111111111 1.0 0.1111111111111111 1.0 0.1111111111111111 1.0 
z
-13.829819994222365 2.9711946845786597 -2.1365947839198705 -1.4540930762375845 3.4995161619690585 -7.6173110195816305 1.012804516326217 6.118810526890543 1.0959307245300987 -3.592719934580627 2.5555090023362768 4.15245566201956 -4.547010699571559 2.2260804473047653 -0.9591425932936689 -1.2038372172536045 -6.115742202005523 1.8023345328941567 3.144244007751144 -0.9310673022582598 -8.673319227623336 4.645470947997067 
0.0 1.0 0.0 1.0 0.08333333333333333 1.0 0.08333333333333333 1.0 0.08333333333333333 1.0 0.08333333333333333 1.0 0.08333333333333333 1.0 0.08333333333333333 1.0 0.08333333333333333 1.0 0.0 0.8888888888888888 0.1111111111111111 1.0 0.1111111111111111 0.8888888888888888 0.0 0.7777777777777778 0.1111111111111111 0.8888888888888888 0.1111111111111111 1.0 0.1111111111111111 1.0 0.1111111111111111 1.0 0.1111111111111111 1.0 0.1111111111111111 1.0 0.1111111111111111 1.0 0.1111111111111111 1.0 
