10 22
0
-7.484759759560935 0.7898591543007796 3.7642976727109825 1.9427342625662811 -2.634970886614513 -1.295031542518008 -1.581502912386973 -3.8300107812079056 -0.9289923242346736 -0.3933181039144477 1.3401555981221223 0.4418472356521801 0.18350911811310783 1.9658076221567453 2.4908971224236396 1.0849593042129682 -8.531845066838192 0.03388636180436582 1.0014021207641972 0.8315008911087903 1.5721703317987583 0.06252019623552992 
0.0 0.75 0.08333333333333333 1.0 0.08333333333333333 1.0 0.16666666666666666 0.9166666666666666 0.16666666666666666 1.0 0.16666666666666666 1.0 0.08333333333333333 1.0 0.08333333333333333 1.0 0.08333333333333333 0.9166666666666666 0.0 1.0 0.5555555555555556 1.0 0.2222222222222222 0.8888888888888888 0.1111111111111111 0.7777777777777778 0.2222222222222222 0.6666666666666666 0.1111111111111111 0.8888888888888888 0.2222222222222222 1.0 0.2222222222222222 0.8888888888888888 0.2222222222222222 0.6666666666666666 0.2222222222222222 1.0 0.2222222222222222 1.0 0.2222222222222222 1.0 
1
-3.286044154250554 1.426051168403148 0.03370963245259271 -0.7761591292189637 -0.155800748881299 2.3019170034524827 2.123979875903965 -1.0471726481619883 -2.630064710283082 -1.5377699481192706 -0.3477625758054072 -2.7592074995340288 0.002185291628294716 0.40179180270657683 0.6095595623058281 -0.09466903395074641 -0.25810535422456077 0.47452396267186164 -0.24834531374342766 0.6917805189973735 0.5059617548992789 1.8498981786130282 
0.0 0.75 0.08333333333333333 1.0 0.08333333333333333 1.0 0.16666666666666666 0.9166666666666666 0.16666666666666666 1.0 0.16666666666666666 1.0 0.08333333333333333 1.0 0.08333333333333333 1.0 0.08333333333333333 0.9166666666666666 0.0 1.0 0.5555555555555556 1.0 0.2222222222222222 0.8888888888888888 0.1111111111111111 0.7777777777777778 0.2222222222222222 0.6666666666666666 0.1111111111111111 0.8888888888888888 0.2222222222222222 1.0 0.2222222222222222 0.8888888888888888 0.2222222222222222 0.6666666666666666 0.2222222222222222 1.0 0.2222222222222222 1.0 0.2222222222222222 1.0 
2
-8.33995696949886 1.5821877872099004 -0.4061056605115451 -2.2887957987789216 2.096017876127152 -1.851646787440699 -3.140556607136915 1.897695163303748 -2.462882335418578 -1.2826586340560078 -0.11831780396112568 1.2078393684294966 4.289320151438114 -1.5196414972057557 -1.9447563805677803 -5.113477318673653 -4.352125717763255 3.634772478381028 4.949966156357924 -0.15699758353976395 -3.6175848409024716 3.2858932349252936 
0.0 0.75 0.08333333333333333 1.0 0.08333333333333333 1.0 0.16666666666666666 0.9166666666666666 0.16666666666666666 1.0 0.16666666666666666 1.0 0.08333333333333333 1.0 0.08333333333333333 1.0 0.08333333333333333 0.9166666666666666 0.0 1.0 0.5555555555555556 1.0 0.2222222222222222 0.8888888888888888 0.1111111111111111 0.7777777777777778 0.2222222222222222 0.6666666666666666 0.1111111111111111 0.8888888888888888 0.2222222222222222 1.0 0.2222222222222222 0.8888888888888888 0.2222222222222222 0.6666666666666666 0.2222222222222222 1.0 0.2222222222222222 1.0 0.2222222222222222 1.0 
3
-10.284203651446507 2.4745126946845146 -2.3120189433384457 -5.270826527596822 -2.6337161558877837 -1.1551944115353454 -0.6827439479150271 -0.4117576812005569 1.8107096025281961 3.350362403647383 0.325836790527378 0.3304333500995223 2.334739171221968 -0.7023241618482063 -2.0364531586739596 -2.423410017923051 0.552226184410932 -1.4182178369053442 -2.345600336734369 0.7903908183826382 2.7948701247791647 1.0520041168952179 
0.0 0.75 0.08333333333333333 1.0 0.08333333333333333 1.0 0.16666666666666666 0.9166666666666666 0.16666666666666666 1.0 0.16666666666666666 1.0 0.08333333333333333 1.0 0.08333333333333333 1.0 0.08333333333333333 0.9166666666666666 0.0 1.0 0.5555555555555556 1.0 0.2222222222222222 0.8888888888888888 0.1111111111111111 0.7777777777777778 0.2222222222222222 0.6666666666666666 0.1111111111111111 0.8888888888888888 0.2222222222222222 1.0 0.2222222222222222 0.8888888888888888 0.2222222222222222 0.6666666666666666 0.2222222222222222 1.0 0.2222222222222222 1.0 0.2222222222222222 1.0 
4
-2.1418624049388013 0.47944330374046223 -1.0145620434495153 -0.4984975972947147 1.1449197153966042 0.3149128208972888 0.22458871233668667 1.0785884891218416 0.19396658885184112 -0.43312676499352837 -0.22375839562120203 -2.5758407264259136 1.211502694794779 0.9835989863049641 1.3584299970202596 -0.13346148939531058 -0.6884492406878212 0.575467528959442 0.7711618970141272 2.8751361072962434 2.1474976701865676 -2.334430944028696 
0.0 0.75 0.08333333333333333 1.0 0.08333333333333333 1.0 0.16666666666666666 0.9166666666666666 0.16666666666666666 1.0 0.16666666666666666 1.0 0.08333333333333333 1.0 0.08333333333333333 1.0 0.08333333333333333 0.9166666666666666 0.0 1.0 0.5555555555555556 1.0 0.2222222222222222 0.8888888888888888 0.1111111111111111 0.7777777777777778 0.2222222222222222 0.6666666666666666 0.1111111111111111 0.8888888888888888 0.2222222222222222 1.0 0.2222222222222222 0.8888888888888888 0.2222222222222222 0.6666666666666666 0.2222222222222222 1.0 0.2222222222222222 1.0 0.2222222222222222 1.0 
5
-13.474628191953814 1.6135107136906293 -1.0299026448783581 1.05931662606683 1.8109703085176023 -3.666727746301939 -2.5461529773262956 3.0610893102315067 -0.973555313748398 -6.821003561890233 2.1777124580673584 -0.818327287787769 -0.8218242375007871 -1.8509521523402415 -2.779410739920043 0.9472234771112487 5.778276927882199 0.37142380776685413 -7.318674854317318 -4.245357401698898 2.3297664450235454 1.2600960015015683 
0.0 0.75 0.08333333333333333 1.0 0.08333333333333333 1.0 0.16666666666666666 0.9166666666666666 0.16666666666666666 1.0 0.16666666666666666 1.0 0.08333333333333333 1.0 0.08333333333333333 1.0 0.08333333333333333 0.9166666666666666 0.0 1.0 0.5555555555555556 1.0 0.2222222222222222 0.8888888888888888 0.1111111111111111 0.7777777777777778 0.2222222222222222 0.6666666666666666 0.1111111111111111 0.8888888888888888 0.2222222222222222 1.0 0.2222222222222222 0.8888888888888888 0.2222222222222222 0.6666666666666666 0.2222222222222222 1.0 0.2222222222222222 1.0 0.2222222222222222 1.0 
6
-7.098983398470615 1.6673743658979474 4.33028958945082 2.61312942058337 -0.14423813261021837 0.9480656669403541 1.5943857944249231 -2.4819918630030586 -4.474806120987563 -4.308200993362303 -2.130067041194032 0.002592475470237285 1.6978332503908171 -3.970925781104065 -5.904117121815061 5.131625364835836 2.9622354497331513 2.3444689265263317 2.9821695306265017 4.028564061775141 -0.9425054054950869 -1.3346011971829324 
0.0 0.75 0.08333333333333333 1.0 0.08333333333333333 1.0 0.16666666666666666 0.9166666666666666 0.16666666666666666 1.0 0.16666666666666666 1.0 0.08333333333333333 1.0 0.08333333333333333 1.0 0.08333333333333333 0.9166666666666666 0.0 1.0 0.5555555555555556 1.0 0.2222222222222222 0.8888888888888888 0.1111111111111111 0.7777777777777778 0.2222222222222222 0.6666666666666666 0.1111111111111111 0.8888888888888888 0.2222222222222222 1.0 0.2222222222222222 0.8888888888888888 0.2222222222222222 0.6666666666666666 0.2222222222222222 1.0 0.2222222222222222 1.0 0.2222222222222222 1.0 
7
-4.034306978030119 1.4406184609531056 -0.6871012578246762 -1.9180351203283226 0.21333158002605404 -0.1352911232045867 0.852730742644085 0.375530089576639 -1.178053042634178 -1.1646752961813767 2.511744792575716 3.292085225278841 0.059702027047929 0.43673796254678854 0.3999459402013573 -0.2727222987678423 -0.6629081977056779 0.13790989813986868 0.20408646650118392 0.16088680326257476 -1.1599399950647982 -4.4741006204751175 
0.0 0.75 0.08333333333333333 1.0 0.08333333333333333 1.0 0.16666666666666666 0.9166666666666666 0.16666666666666666 1.0 0.16666666666666666 1.0 0.08333333333333333 1.0 0.08333333333333333 1.0 0.08333333333333333 0.9166666666666666 0.0 1.0 0.5555555555555556 1.0 0.2222222222222222 0.8888888888888888 0.1111111111111111 0.7777777777777778 0.2222222222222222 0.6666666666666666 0.1111111111111111 0.8888888888888888 0.2222222222222222 1.0 0.2222222222222222 0.8888888888888888 0.2222222222222222 0.6666666666666666 0.2222222222222222 1.0 0.2222222222222222 1.0 0.2222222222222222 1.0 
8
-17.626399692359442 -4.815539044022792 12.216214821879847 -3.5163808745617104 3.2548902775408126 -7.571387268152912 -2.3463447647057545 0.7686879340849313 -5.302671357220766 3.9251823558386065 2.3141118853677587 -3.5482346406431606 -4.79579461157005 2.818486992369654 7.392063732549625 -1.0390141955100043 10.885497731656889 0.21034278525755468 5.419936411289685 -0.09494025350825792 -5.401277619671517 -0.01724590951158076 
0.0 0.75 0.08333333333333333 1.0 0.08333333333333333 1.0 0.16666666666666666 0.9166666666666666 0.16666666666666666 1.0 0.16666666666666666 1.0 0.08333333333333333 1.0 0.08333333333333333 1.0 0.08333333333333333 0.9166666666666666 0.0 1.0 0.5555555555555556 1.0 0.2222222222222222 0.8888888888888888 0.1111111111111111 0.7777777777777778 0.2222222222222222 0.6666666666666666 0.1111111111111111 0.8888888888888888 0.2222222222222222 1.0 0.2222222222222222 0.8888888888888888 0.2222222222222222 0.6666666666666666 0.2222222222222222 1.0 0.2222222222222222 1.0 0.2222222222222222 1.0 
9
-9.13912641657377 -0.8010897947533858 0.0355387275694731 -3.1550095270204155 -0.32397087781679146 0.019659023710782066 1.3883128774067965 -1.3882642042738933 0.7404247076727993 0.1831229222089386 -1.6642864880230013 -2.01785912046161 1.385426105195572 3.55087060041947 5.401428238745382 -0.7775488911273589 4.229401796375962 3.763872692021273 -7.484182480374107 -3.2687352230302262 0.3387216266672344 -0.7561588977779294 
0.0 0.75 0.08333333333333333 1.0 0.08333333333333333 1.0 0.16666666666666666 0.9166666666666666 0.16666666666666666 1.0 0.16666666666666666 1.0 0.08333333333333333 1.0 0.08333333333333333 1.0 0.08333333333333333 0.9166666666666666 0.0 1.0 0.5555555555555556 1.0 0.2222222222222222 0.8888888888888888 0.1111111111111111 0.7777777777777778 0.2222222222222222 0.6666666666666666 0.1111111111111111 0.8888888888888888 0.2222222222222222 1.0 0.2222222222222222 0.8888888888888888 0.2222222222222222 0.6666666666666666 0.2222222222222222 1.0 0.2222222222222222 1.0 0.2222222222222222 1.0 
